0 0.741630 0.516231 0.089520 0.197941
0 0.271106 0.581948 0.089520 0.197941
12 0.336245 0.477831 0.055313 0.154394
3 0.434680 0.503959 0.025837 0.187648
3 0.465611 0.498416 0.025837 0.187648
3 0.501274 0.492082 0.025837 0.187648
3 0.534025 0.484956 0.025837 0.187648
3 0.562409 0.481789 0.025837 0.187648
3 0.554767 0.654394 0.025837 0.187648
3 0.527838 0.667854 0.025837 0.187648
3 0.456878 0.660728 0.025837 0.187648
4 0.302220 0.623120 0.086972 0.180523
4 0.695779 0.448931 0.117904 0.197941
4 0.286936 0.454473 0.092795 0.193191
